-0.434448 -0.434448 -0.993169 -0.993169 
2.63379 2.63379 3.52828 3.52828 
6.07503 6.07503 -1.91957 -1.91957 
-0.895765 -0.895765 1.63361 1.63361 
-2.93511 -2.93511 -2.80214 -2.80214 
-3.01228 -3.01228 -0.787247 -0.787247 
-1.30493 -1.30493 4.19861 4.19861 
-1.21174 -1.21174 -0.111498 -0.111498 
-1.13465 -1.13465 -0.611523 -0.611523 
1.95895 1.95895 0.979003 0.979003 
-1.21848 -1.21848 1.12377 1.12377 
3.31025 3.31025 -2.28207 -2.28207 
2.52733 2.52733 -3.61925 -3.61925 
-0.509184 -0.509184 -1.59948 -1.59948 
-3.62868 -3.62868 -0.269407 -0.269407 
0.058959 0.058959 -0.83461 -0.83461 
-0.235714 -0.235714 -3.88866 -3.88866 
-1.07517 -1.07517 3.30061 3.30061 
-2.88078 -2.88078 4.53613 4.53613 
-1.23119 -1.23119 1.02082 1.02082 
-0.409424 -0.409424 -2.10863 -2.10863 
-1.382 -1.382 2.85345 2.85345 
-3.71216 -3.71216 -1.34422 -1.34422 
4.73249 4.73249 -2.01338 -2.01338 
2.05678 2.05678 -2.31001 -2.31001 
-5.83047 -5.83047 1.52609 1.52609 
-0.434859 -0.434859 2.5112 2.5112 
-3.87572 -3.87572 -0.26275 -0.26275 
-7.03256 -7.03256 -0.41808 -0.41808 
-1.47101 -1.47101 -4.15873 -4.15873 
0.21638 0.21638 0.498665 0.498665 
0.598936 0.598936 1.50224 1.50224 
-1.9876 -1.9876 1.93976 1.93976 
-0.755935 -0.755935 -3.41547 -3.41547 
0.569025 0.569025 1.97413 1.97413 
-2.25822 -2.25822 4.16862 4.16862 
-1.4899 -1.4899 3.6196 3.6196 
3.44894 3.44894 5.82068 5.82068 
0.964456 0.964456 2.35378 2.35378 
1.48845 1.48845 0.44767 0.44767 
-1.95702 -1.95702 -0.54449 -0.54449 
1.41748 1.41748 -1.92217 -1.92217 
1.59163 1.59163 2.25041 2.25041 
-5.4333 -5.4333 2.69231 2.69231 
3.77928 3.77928 0.289761 0.289761 
-0.897138 -0.897138 2.80127 2.80127 
4.46776 4.46776 0.242629 0.242629 
-2.89651 -2.89651 5.74459 5.74459 
-2.00359 -2.00359 1.97339 1.97339 
-0.689225 -0.689225 0.105496 0.105496 
3.58611 3.58611 1.89318 1.89318 
-0.876189 -0.876189 1.4549 1.4549 
-0.169825 -0.169825 3.33961 3.33961 
-1.34428 -1.34428 -2.82045 -2.82045 
-1.63058 -1.63058 1.88558 1.88558 
4.14454 4.14454 0.114439 0.114439 
-1.74278 -1.74278 -3.21468 -3.21468 
4.40345 4.40345 -1.1457 -1.1457 
-0.568972 -0.568972 1.86227 1.86227 
-1.41768 -1.41768 3.30173 3.30173 
-2.10553 -2.10553 -2.11108 -2.11108 
1.17126 1.17126 -0.658009 -0.658009 
-2.693 -2.693 -0.595584 -0.595584 
2.94441 2.94441 -2.6991 -2.6991 
-4.11791 -4.11791 -6.45142 -6.45142 
2.11812 2.11812 -4.75861 -4.75861 
1.43834 1.43834 -0.455959 -0.455959 
1.13246 1.13246 3.49256 3.49256 
3.00818 3.00818 -0.278615 -0.278615 
-1.96017 -1.96017 1.31616 1.31616 
-4.03569 -4.03569 -1.19379 -1.19379 
-1.84035 -1.84035 -1.82476 -1.82476 
0.79248 0.79248 2.78786 2.78786 
-4.14105 -4.14105 2.81492 2.81492 
-3.65725 -3.65725 -0.0125448 -0.0125448 
-3.16433 -3.16433 -0.239324 -0.239324 
-0.455603 -0.455603 3.09513 3.09513 
-0.525958 -0.525958 -0.361594 -0.361594 
-1.79444 -1.79444 -2.38735 -2.38735 
0.675792 0.675792 -4.49566 -4.49566 
2.35691 2.35691 1.0661 1.0661 
-6.31544 -6.31544 2.74143 2.74143 
-0.376098 -0.376098 1.08486 1.08486 
2.54368 2.54368 0.873529 0.873529 
-0.798709 -0.798709 0.311229 0.311229 
-1.41847 -1.41847 4.45141 4.45141 
-2.02189 -2.02189 0.144341 0.144341 
-0.264174 -0.264174 -1.31127 -1.31127 
-0.236371 -0.236371 1.75316 1.75316 
0.491385 0.491385 1.67281 1.67281 
-1.21937 -1.21937 -1.89319 -1.89319 
1.62257 1.62257 0.0841811 0.0841811 
-2.74517 -2.74517 -2.39648 -2.39648 
-5.48549 -5.48549 -2.3117 -2.3117 
2.72824 2.72824 -2.62158 -2.62158 
-2.88831 -2.88831 2.28113 2.28113 
-0.321908 -0.321908 1.17905 1.17905 
-5.43895 -5.43895 -2.26259 -2.26259 
1.46106 1.46106 3.18222 3.18222 
-1.65844 -1.65844 -2.09076 -2.09076 
-4.04132 -4.04132 -2.09076 -2.09076 
0.818797 0.818797 1.10129 1.10129 
-1.60004 -1.60004 -5.735 -5.735 
-3.57987 -3.57987 0.240862 0.240862 
2.27504 2.27504 4.59279 4.59279 
1.02245 1.02245 2.65017 2.65017 
0.696074 0.696074 -4.83649 -4.83649 
1.76009 1.76009 0.247885 0.247885 
-0.267308 -0.267308 3.52456 3.52456 
-0.168337 -0.168337 -2.7386 -2.7386 
-1.88259 -1.88259 0.0320395 0.0320395 
-1.93035 -1.93035 1.3867 1.3867 
-1.036 -1.036 -0.630907 -0.630907 
0.75669 0.75669 3.08477 3.08477 
2.48663 2.48663 -1.98928 -1.98928 
5.04393 5.04393 4.52359 4.52359 
-2.70973 -2.70973 3.18014 3.18014 
4.53146 4.53146 1.88429 1.88429 
0.77992 0.77992 2.87564 2.87564 
2.52306 2.52306 0.633421 0.633421 
2.57662 2.57662 2.12209 2.12209 
1.46793 1.46793 0.625642 0.625642 
-0.958752 -0.958752 -1.96859 -1.96859 
-4.87747 -4.87747 1.9804 1.9804 
-3.21359 -3.21359 -4.20035 -4.20035 
-4.14513 -4.14513 -4.15001 -4.15001 
2.07964 2.07964 -3.15998 -3.15998 
0.0600322 0.0600322 -0.493935 -0.493935 
-5.33534 -5.33534 1.98775 1.98775 
-0.558946 -0.558946 0.942058 0.942058 
5.30032 5.30032 1.64143 1.64143 
-0.378305 -0.378305 -0.822705 -0.822705 
-2.369 -2.369 0.693497 0.693497 
-1.58577 -1.58577 -4.63446 -4.63446 
3.05371 3.05371 -2.61541 -2.61541 
-1.11331 -1.11331 -0.267528 -0.267528 
-1.38389 -1.38389 2.14293 2.14293 
-3.39856 -3.39856 -2.03114 -2.03114 
-5.54228 -5.54228 -3.16002 -3.16002 
1.36522 1.36522 4.00157 4.00157 
0.0298165 0.0298165 -0.825734 -0.825734 
0.870085 0.870085 0.818545 0.818545 
1.37212 1.37212 -4.85838 -4.85838 
7.6091 7.6091 -0.426133 -0.426133 
1.14401 1.14401 -0.935412 -0.935412 
-8.35921 -8.35921 -0.454401 -0.454401 
2.93928 2.93928 1.77858 1.77858 
1.76274 1.76274 5.55121 5.55121 
-4.70881 -4.70881 -3.6318 -3.6318 
-3.99834 -3.99834 -1.18108 -1.18108 
-0.506482 -0.506482 -1.11432 -1.11432 
-3.99052 -3.99052 1.59026 1.59026 
-3.40766 -3.40766 -1.28425 -1.28425 
-0.287156 -0.287156 6.68151 6.68151 
2.26627 2.26627 -3.61949 -3.61949 
-2.8529 -2.8529 -2.96531 -2.96531 
0.211802 0.211802 0.293474 0.293474 
-1.02594 -1.02594 -0.53719 -0.53719 
0.860764 0.860764 0.448988 0.448988 
0.681867 0.681867 2.85888 2.85888 
0.744264 0.744264 4.38196 4.38196 
1.7976 1.7976 3.3473 3.3473 
-0.279136 -0.279136 1.41284 1.41284 
1.06383 1.06383 0.0613237 0.0613237 
1.95927 1.95927 0.340805 0.340805 
-1.62585 -1.62585 3.82143 3.82143 
-0.416449 -0.416449 -1.04858 -1.04858 
4.11499 4.11499 0.322563 0.322563 
0.937621 0.937621 0.867702 0.867702 
0.647593 0.647593 0.0261796 0.0261796 
-2.10465 -2.10465 0.37304 0.37304 
-1.42002 -1.42002 -0.0207584 -0.0207584 
-3.30986 -3.30986 -4.91914 -4.91914 
0.445146 0.445146 1.41675 1.41675 
-3.02372 -3.02372 -0.561392 -0.561392 
5.16242 5.16242 -1.96403 -1.96403 
-1.97823 -1.97823 0.160872 0.160872 
-1.18442 -1.18442 -1.98305 -1.98305 
-2.20258 -2.20258 -1.89891 -1.89891 
1.19951 1.19951 0.110565 0.110565 
-1.7875 -1.7875 -0.487838 -0.487838 
-2.88185 -2.88185 4.7846 4.7846 
2.53543 2.53543 -0.39014 -0.39014 
-1.95564 -1.95564 3.33453 3.33453 
0.828722 0.828722 -2.14728 -2.14728 
1.69956 1.69956 1.49114 1.49114 
-4.07652 -4.07652 -1.83309 -1.83309 
5.47094 5.47094 -0.0620965 -0.0620965 
1.67924 1.67924 -1.22908 -1.22908 
-3.30934 -3.30934 -5.62729 -5.62729 
1.69731 1.69731 0.805444 0.805444 
-3.16901 -3.16901 -6.53794 -6.53794 
1.83821 1.83821 -1.8478 -1.8478 
3.84893 3.84893 2.15732 2.15732 
-3.61464 -3.61464 1.93789 1.93789 
-1.02459 -1.02459 0.339314 0.339314 
0.720815 0.720815 1.88299 1.88299 
0.0166538 0.0166538 -3.03122 -3.03122 
3.05691 3.05691 -2.36703 -2.36703 
1.03493 1.03493 1.29969 1.29969 
-4.5381 -4.5381 -2.72337 -2.72337 
-0.43276 -0.43276 3.87371 3.87371 
-0.348423 -0.348423 1.0451 1.0451 
-0.864544 -0.864544 2.18202 2.18202 
-3.72154 -3.72154 -3.64405 -3.64405 
-5.17217 -5.17217 2.79176 2.79176 
1.07124 1.07124 1.72296 1.72296 
-3.79612 -3.79612 0.161112 0.161112 
3.25217 3.25217 0.592654 0.592654 
2.03576 2.03576 1.18811 1.18811 
-2.75946 -2.75946 2.37323 2.37323 
-1.54009 -1.54009 1.46082 1.46082 
-1.56358 -1.56358 1.00519 1.00519 
0.0474374 0.0474374 -0.44582 -0.44582 
-0.637044 -0.637044 -0.0371088 -0.0371088 
-2.65662 -2.65662 0.996504 0.996504 
1.14828 1.14828 0.718378 0.718378 
3.61283 3.61283 3.35269 3.35269 
-0.195269 -0.195269 -3.87031 -3.87031 
-1.45989 -1.45989 -1.89042 -1.89042 
-2.24806 -2.24806 -2.06459 -2.06459 
-1.5769 -1.5769 1.11213 1.11213 
-3.01456 -3.01456 0.0926648 0.0926648 
3.03619 3.03619 1.28429 1.28429 
0.444809 0.444809 3.14775 3.14775 
-2.26745 -2.26745 1.56824 1.56824 
5.52989 5.52989 2.01588 2.01588 
5.48027 5.48027 1.21092 1.21092 
-4.75718 -4.75718 2.43758 2.43758 
-1.55667 -1.55667 -0.587013 -0.587013 
0.439477 0.439477 2.24496 2.24496 
4.6678 4.6678 -1.37799 -1.37799 
-2.05886 -2.05886 -0.395041 -0.395041 
-0.564253 -0.564253 1.27048 1.27048 
1.22204 1.22204 -0.0118359 -0.0118359 
-1.05731 -1.05731 -2.62301 -2.62301 
2.3576 2.3576 0.45131 0.45131 
-0.840992 -0.840992 -1.8551 -1.8551 
0.711423 0.711423 1.22974 1.22974 
3.76013 3.76013 -1.50904 -1.50904 
0.181063 0.181063 -1.35298 -1.35298 
-2.0352 -2.0352 0.721513 0.721513 
-0.742581 -0.742581 -3.55523 -3.55523 
1.00685 1.00685 -5.71865 -5.71865 
-3.29922 -3.29922 -0.779799 -0.779799 
-2.68659 -2.68659 -2.08502 -2.08502 
1.25844 1.25844 1.11801 1.11801 
3.74075 3.74075 -1.06126 -1.06126 
1.14631 1.14631 0.431323 0.431323 
2.09306 2.09306 2.41104 2.41104 
-1.06409 -1.06409 0.344463 0.344463 
-0.542517 -0.542517 0.166803 0.166803 
-2.54956 -2.54956 -2.38885 -2.38885 
-1.77407 -1.77407 -0.0935278 -0.0935278 
-1.97862 -1.97862 0.143727 0.143727 
4.11584 4.11584 -1.77212 -1.77212 
-3.61764 -3.61764 2.00502 2.00502 
-0.386515 -0.386515 0.322558 0.322558 
0.704301 0.704301 -1.27312 -1.27312 
-1.4033 -1.4033 -3.17841 -3.17841 
-1.53255 -1.53255 -0.538435 -0.538435 
1.20908 1.20908 1.74195 1.74195 
-0.27549 -0.27549 -0.50638 -0.50638 
-1.37433 -1.37433 2.16934 2.16934 
-3.16511 -3.16511 0.649147 0.649147 
-1.53424 -1.53424 -3.13121 -3.13121 
2.24618 2.24618 2.27118 2.27118 
0.286982 0.286982 -3.77503 -3.77503 
0.905422 0.905422 1.84277 1.84277 
0.0330168 0.0330168 3.50519 3.50519 
-1.04115 -1.04115 -3.88619 -3.88619 
-3.17695 -3.17695 -0.0667569 -0.0667569 
1.4465 1.4465 3.38665 3.38665 
-2.37041 -2.37041 -1.53054 -1.53054 
-0.316974 -0.316974 0.896595 0.896595 
-3.15158 -3.15158 -2.91557 -2.91557 
-0.488278 -0.488278 -3.93352 -3.93352 
-1.6884 -1.6884 -3.82874 -3.82874 
-3.26646 -3.26646 1.27273 1.27273 
-0.622267 -0.622267 2.31867 2.31867 
-2.30397 -2.30397 2.23096 2.23096 
-1.18627 -1.18627 2.50506 2.50506 
-4.66287 -4.66287 -2.01142 -2.01142 
7.27742 7.27742 -0.510497 -0.510497 
-1.44827 -1.44827 1.53449 1.53449 
-1.10916 -1.10916 2.33508 2.33508 
0.759346 0.759346 -1.76041 -1.76041 
-1.77623 -1.77623 0.468175 0.468175 
3.9841 3.9841 -0.266216 -0.266216 
4.78947 4.78947 4.14191 4.14191 
3.24497 3.24497 4.39926 4.39926 
1.95316 1.95316 2.99458 2.99458 
4.04557 4.04557 3.75578 3.75578 
6.75462 6.75462 4.63185 4.63185 
-0.28888 -0.28888 -0.687986 -0.687986 
2.26134 2.26134 0.385428 0.385428 
1.16767 1.16767 2.15175 2.15175 
4.72633 4.72633 0.458512 0.458512 
-2.53396 -2.53396 1.91227 1.91227 
-1.69781 -1.69781 1.28894 1.28894 
-0.213895 -0.213895 -2.38575 -2.38575 
-0.723738 -0.723738 1.93044 1.93044 
3.31542 3.31542 2.77616 2.77616 
0.878929 0.878929 3.71503 3.71503 
-5.38801 -5.38801 -1.3266 -1.3266 
-2.99009 -2.99009 -3.92839 -3.92839 
4.07643 4.07643 0.178261 0.178261 
0.386789 0.386789 1.91398 1.91398 
-0.843223 -0.843223 1.20223 1.20223 
-2.43411 -2.43411 -1.05251 -1.05251 
-8.39649 -8.39649 0.209828 0.209828 
3.55793 3.55793 2.64986 2.64986 
2.93178 2.93178 -1.92866 -1.92866 
2.28551 2.28551 2.59573 2.59573 
1.41881 1.41881 0.932519 0.932519 
-0.559977 -0.559977 -2.72147 -2.72147 
1.0817 1.0817 2.31635 2.31635 
2.12142 2.12142 2.7125 2.7125 
1.27269 1.27269 0.701107 0.701107 
2.23013 2.23013 2.21488 2.21488 
-1.88723 -1.88723 2.53515 2.53515 
0.628268 0.628268 -0.44309 -0.44309 
-2.49345 -2.49345 1.04551 1.04551 
-2.46218 -2.46218 -0.195518 -0.195518 
-2.87299 -2.87299 -0.152827 -0.152827 
-1.26256 -1.26256 0.936434 0.936434 
3.0452 3.0452 0.409898 0.409898 
4.06234 4.06234 0.177482 0.177482 
0.136843 0.136843 3.83485 3.83485 
2.28016 2.28016 -3.28749 -3.28749 
-0.314926 -0.314926 4.27075 4.27075 
5.22188 5.22188 0.694528 0.694528 
3.05879 3.05879 -1.78547 -1.78547 
1.51184 1.51184 4.90144 4.90144 
-1.12889 -1.12889 2.52115 2.52115 
-0.35705 -0.35705 -2.72928 -2.72928 
0.330383 0.330383 3.69476 3.69476 
-0.837884 -0.837884 2.63711 2.63711 
1.21082 1.21082 -4.6281 -4.6281 
1.0737 1.0737 -0.48242 -0.48242 
3.53409 3.53409 1.01045 1.01045 
-3.66292 -3.66292 1.01935 1.01935 
-1.8391 -1.8391 2.04586 2.04586 
1.98628 1.98628 -0.526787 -0.526787 
-4.7137 -4.7137 -1.21396 -1.21396 
-3.33345 -3.33345 -0.580919 -0.580919 
0.165897 0.165897 -1.32938 -1.32938 
0.34067 0.34067 -3.72177 -3.72177 
-0.382287 -0.382287 -2.50213 -2.50213 
-1.22451 -1.22451 0.790645 0.790645 
-2.05442 -2.05442 2.20288 2.20288 
0.699414 0.699414 3.05504 3.05504 
-3.97424 -3.97424 -1.12333 -1.12333 
2.70493 2.70493 -1.16856 -1.16856 
3.71582 3.71582 -1.31092 -1.31092 
-0.521632 -0.521632 3.84148 3.84148 
3.51987 3.51987 -0.486819 -0.486819 
-0.283932 -0.283932 5.90188 5.90188 
2.65147 2.65147 -3.18818 -3.18818 
0.729127 0.729127 0.64519 0.64519 
-0.246198 -0.246198 1.26906 1.26906 
4.39926 4.39926 3.51036 3.51036 
0.692712 0.692712 -0.469648 -0.469648 
-0.122818 -0.122818 -1.28688 -1.28688 
-0.0687766 -0.0687766 1.07023 1.07023 
-0.717387 -0.717387 4.18045 4.18045 
1.45888 1.45888 0.480045 0.480045 
-1.21735 -1.21735 1.83622 1.83622 
6.5258 6.5258 0.915515 0.915515 
1.42071 1.42071 0.219295 0.219295 
1.4137 1.4137 5.52843 5.52843 
-8.29447 -8.29447 2.59074 2.59074 
-1.85986 -1.85986 -3.09305 -3.09305 
-1.40696 -1.40696 -6.38341 -6.38341 
1.79828 1.79828 0.410992 0.410992 
-0.0548817 -0.0548817 1.51257 1.51257 
-2.62576 -2.62576 3.41191 3.41191 
-2.50855 -2.50855 0.254372 0.254372 
3.33369 3.33369 -1.72283 -1.72283 
-2.08917 -2.08917 -1.5563 -1.5563 
-4.55547 -4.55547 -1.85634 -1.85634 
-1.21376 -1.21376 -1.65826 -1.65826 
-3.82352 -3.82352 0.00968434 0.00968434 
-2.11931 -2.11931 -1.467 -1.467 
-2.30842 -2.30842 -0.631861 -0.631861 
1.69677 1.69677 2.60228 2.60228 
0.957932 0.957932 -3.64873 -3.64873 
0.551259 0.551259 -2.52617 -2.52617 
-1.23888 -1.23888 2.99524 2.99524 
-0.0532617 -0.0532617 -1.90402 -1.90402 
0.187014 0.187014 2.843 2.843 
0.916195 0.916195 0.337325 0.337325 
-2.78155 -2.78155 -2.44135 -2.44135 
-2.3254 -2.3254 -3.81415 -3.81415 
-0.511219 -0.511219 -3.38326 -3.38326 
0.26907 0.26907 -0.470452 -0.470452 
-1.0613 -1.0613 -0.888241 -0.888241 
1.3411 1.3411 -2.41827 -2.41827 
1.08794 1.08794 0.925405 0.925405 
-2.89408 -2.89408 -1.44306 -1.44306 
2.18349 2.18349 3.93354 3.93354 
1.60162 1.60162 1.88648 1.88648 
2.52443 2.52443 1.34985 1.34985 
2.41947 2.41947 0.021856 0.021856 
-0.135473 -0.135473 5.26704 5.26704 
-2.29553 -2.29553 1.1431 1.1431 
-1.12484 -1.12484 -1.30575 -1.30575 
-0.477106 -0.477106 1.01249 1.01249 
-0.24724 -0.24724 5.36273 5.36273 
-1.26516 -1.26516 -4.03819 -4.03819 
-2.1046 -2.1046 3.39659 3.39659 
-0.132677 -0.132677 -3.9753 -3.9753 
-2.92383 -2.92383 -0.273485 -0.273485 
-2.70772 -2.70772 -4.62341 -4.62341 
2.62874 2.62874 -1.09358 -1.09358 
-0.855478 -0.855478 0.00920512 0.00920512 
2.73678 2.73678 0.502563 0.502563 
1.60009 1.60009 1.99146 1.99146 
-3.61827 -3.61827 -0.367783 -0.367783 
2.44461 2.44461 -2.11529 -2.11529 
2.17289 2.17289 1.40278 1.40278 
-1.04176 -1.04176 0.39032 0.39032 
-2.178 -2.178 -0.376711 -0.376711 
-2.98934 -2.98934 3.10435 3.10435 
2.2001 2.2001 1.47156 1.47156 
3.57469 3.57469 -0.0105532 -0.0105532 
-0.856748 -0.856748 0.840523 0.840523 
2.18197 2.18197 -1.00652 -1.00652 
2.53831 2.53831 0.364488 0.364488 
-0.565132 -0.565132 0.938732 0.938732 
-4.5747 -4.5747 -0.925712 -0.925712 
-0.255288 -0.255288 -2.16229 -2.16229 
0.918733 0.918733 -0.394681 -0.394681 
-0.798107 -0.798107 5.51516 5.51516 
3.09542 3.09542 -3.21624 -3.21624 
0.924574 0.924574 -0.213137 -0.213137 
-5.18591 -5.18591 -1.85532 -1.85532 
-4.68174 -4.68174 -2.45036 -2.45036 
2.36324 2.36324 -0.910636 -0.910636 
5.70115 5.70115 -0.158464 -0.158464 
-1.64745 -1.64745 -1.4606 -1.4606 
0.605471 0.605471 0.499624 0.499624 
-2.01918 -2.01918 0.889187 0.889187 
-3.05608 -3.05608 3.38195 3.38195 
0.708248 0.708248 1.30668 1.30668 
-1.33086 -1.33086 -0.796645 -0.796645 
1.65687 1.65687 -0.0224203 -0.0224203 
1.56666 1.56666 1.15184 1.15184 
-1.21261 -1.21261 -0.640326 -0.640326 
0.371956 0.371956 1.13998 1.13998 
-0.301957 -0.301957 -4.81815 -4.81815 
1.00494 1.00494 -0.396445 -0.396445 
1.07676 1.07676 -2.0793 -2.0793 
-0.368899 -0.368899 0.0983316 0.0983316 
2.28849 2.28849 4.04324 4.04324 
4.4994 4.4994 3.02458 3.02458 
-1.16582 -1.16582 1.25152 1.25152 
-1.11641 -1.11641 -0.441698 -0.441698 
0.395902 0.395902 -0.905292 -0.905292 
-0.305247 -0.305247 -5.20554 -5.20554 
-1.9845 -1.9845 3.21722 3.21722 
-0.537174 -0.537174 0.538098 0.538098 
-4.05452 -4.05452 2.10766 2.10766 
1.95899 1.95899 -1.01871 -1.01871 
-3.62816 -3.62816 0.809405 0.809405 
-1.10297 -1.10297 2.09142 2.09142 
-0.450047 -0.450047 -5.68647 -5.68647 
2.33756 2.33756 3.29833 3.29833 
-0.266418 -0.266418 0.348584 0.348584 
-4.05034 -4.05034 1.82406 1.82406 
2.46273 2.46273 2.68451 2.68451 
1.67196 1.67196 3.63522 3.63522 
0.308472 0.308472 3.49197 3.49197 
-0.47274 -0.47274 3.22521 3.22521 
-4.29683 -4.29683 -0.338308 -0.338308 
2.50542 2.50542 1.6559 1.6559 
2.00992 2.00992 1.10052 1.10052 
0.0883134 0.0883134 -1.93494 -1.93494 
0.39317 0.39317 -1.98214 -1.98214 
-2.37912 -2.37912 1.7322 1.7322 
-0.945876 -0.945876 4.24746 4.24746 
-0.0502657 -0.0502657 4.35444 4.35444 
1.3904 1.3904 0.975952 0.975952 
3.27843 3.27843 -1.9939 -1.9939 
-5.01903 -5.01903 1.63906 1.63906 
-2.78032 -2.78032 2.427 2.427 
-1.20877 -1.20877 -1.44964 -1.44964 
1.25103 1.25103 -1.2074 -1.2074 
0.198929 0.198929 -1.02878 -1.02878 
-3.31907 -3.31907 1.48446 1.48446 
-1.1627 -1.1627 2.69087 2.69087 
-3.7053 -3.7053 -0.772897 -0.772897 
0.252596 0.252596 -2.38808 -2.38808 
-2.75927 -2.75927 0.277318 0.277318 
-0.498783 -0.498783 5.55701 5.55701 
0.338389 0.338389 3.66661 3.66661 
-0.605367 -0.605367 -4.11058 -4.11058 
-1.30307 -1.30307 -2.25146 -2.25146 
3.11249 3.11249 -0.648544 -0.648544 
0.836947 0.836947 0.54368 0.54368 
